000010000180000000000100
000010000280001000000100
000010000380002000004500
000010000480003000152500
000010000580004000123400
000010000580005000005000
000010000580006000058930
000010000580007000007890
000010000680008000012345
000010000780009000001256
000010000880010000005687
000010000980011000012398
000010000980012000098765
000010001080013000008752
000020000181000000000100
000020000181001000000100
000020000181002001234500
000020000181003000000500
000020000281004000003600
000020000281005000007000
000020000281006000054230
000020000381007000007356
000020000481008000012475
000020000581009000007686
000020000681010000005689
000020000781011000035638
000020000881012000098476
000020000981013000007652
000030000182000000056500
000030000182001000243500
000030000282002000785789
000030000282003000000500
000030000382004000056400
000030000482005000011000
000030000582006000065890
000030000682007000107890
000030000782008000112245
000030000782009000333256
000030000882010000005697
000030000982011000012390
000030000982012000098723
000030001082013000008742
